47
0 690 697
1 656 637
2 772 659
3 653 710
4 455 689
5 500 690
6 291 841
7 416 628
8 1188 150
9 1044 278
10 932 177
11 769 370
12 674 409
13 827 321
14 781 399
15 22 515
16 211 560
17 18 558
18 616 528
19 181 591
20 900 178
21 948 277
22 205 888
23 425 561
24 336 617
25 611 646
26 599 584
27 668 559
28 564 686
29 549 620
30 140 876
31 164 850
32 530 672
33 567 574
34 983 264
35 1140 484
36 494 517
37 536 489
38 249 497
39 706 590
40 774 923
41 865 1139
42 818 895
43 673 495
44 1140 1025
45 989 1098
46 586 522
